[{"obj": "$Biped_Object:Bip001 @ [2.032206,-20.374191,342.152374]", "objname": "Bip001", "objtransform": "(matrix3 [-0.170375,-0.972123,0.161088] [0.985244,-0.170767,0.0115081] [0.0163213,0.160672,0.986873] [2.03221,-20.3742,342.152])"}, {"obj": "$Biped_Object:Bip001 Pelvis @ [2.032206,-20.374191,342.152374]", "objname": "Bip001 Pelvis", "objtransform": "(matrix3 [0.0163211,0.160671,0.986873] [-0.170373,-0.972123,0.161087] [0.985244,-0.170766,0.0115079] [2.03221,-20.3742,342.152])"}, {"obj": "$Biped_Object:Bip001 Spine @ [2.059307,-19.647278,350.762756]", "objname": "Bip001 Spine", "objtransform": "(matrix3 [-0.0153511,0.122066,0.992403] [-0.314318,-0.942794,0.111102] [0.949194,-0.310225,0.0528406] [2.05931,-19.6473,350.763])"}, {"obj": "$Biped_Object:Bip001 Spine1 @ [1.847942,-17.915817,364.756714]", "objname": "Bip001 Spine1", "objtransform": "(matrix3 [-0.016696,-0.157755,0.987337] [-0.43371,-0.888595,-0.149312] [0.900898,-0.430711,-0.0535839] [1.84794,-17.9158,364.757])"}, {"obj": "$Biped_Object:Bip001 Spine2 @ [1.608079,-20.223785,379.267517]", "objname": "Bip001 Spine2", "objtransform": "(matrix3 [-0.10646,-0.309276,0.944995] [-0.45554,-0.829615,-0.322834] [0.883827,-0.464852,-0.052567] [1.60808,-20.2238,379.268])"}, {"obj": "$Biped_Object:Bip001 Neck @ [-1.680695,-28.970413,401.354248]", "objname": "Bip001 Neck", "objtransform": "(matrix3 [-0.0820379,-0.485409,0.870429] [-0.222864,-0.842322,-0.49074] [0.971391,-0.234247,-0.039078] [-1.68069,-28.9704,401.354])"}, {"obj": "$Biped_Object:Bip001 L Clavicle @ [4.711452,-27.398163,395.380219]", "objname": "Bip001 L Clavicle", "objtransform": "(matrix3 [0.766981,-0.639167,0.0566138] [0.595305,0.741716,0.308981] [-0.239482,-0.20328,0.949382] [4.71145,-27.3982,395.38])"}, {"obj": "$Biped_Object:Bip001 L UpperArm @ [14.682270,-35.707382,396.116211]", "objname": "Bip001 L UpperArm", "objtransform": "(matrix3 [0.596172,-0.789377,0.146502] [0.573474,0.290986,-0.765803] [0.561877,0.540565,0.626166] [14.6823,-35.7074,396.116])"}, {"obj": "$Biped_Object:Bip001 L Forearm @ [31.926811,-58.540466,400.353821]", "objname": "Bip001 L Forearm", "objtransform": "(matrix3 [-0.0849138,-0.715263,0.693678] [0.822851,-0.442932,-0.355988] [0.561877,0.540565,0.626166] [31.9268,-58.5405,400.354])"}, {"obj": "$Biped_Object:Bip001 L Hand @ [29.681356,-77.454834,418.697418]", "objname": "Bip001 L Hand", "objtransform": "(matrix3 [-0.2739,-0.515814,0.811736] [-0.0270136,-0.839553,-0.542606] [0.961379,-0.170548,0.21602] [29.6814,-77.4548,418.697])"}, {"obj": "$Biped_Object:Bip001 L Finger0 @ [25.300697,-79.888718,419.312714]", "objname": "Bip001 L Finger0", "objtransform": "(matrix3 [-0.668367,-0.697639,0.258042] [0.743279,-0.613014,0.267863] [-0.0286888,0.370828,0.928258] [25.3007,-79.8887,419.313])"}, {"obj": "$Biped_Object:Bip001 L Finger01 @ [22.891891,-82.403030,420.242706]", "objname": "Bip001 L Finger01", "objtransform": "(matrix3 [-0.56688,-0.780172,0.264534] [0.822655,-0.519187,0.231694] [-0.0434187,0.348963,0.93613] [22.8919,-82.403,420.243])"}, {"obj": "$Biped_Object:Bip001 L Finger02 @ [21.029322,-84.966400,421.111847]", "objname": "Bip001 L Finger02", "objtransform": "(matrix3 [-0.0116214,-0.881501,0.472039] [0.999674,-0.0209662,-0.0145416] [0.0227154,0.471716,0.881458] [21.0293,-84.9664,421.112])"}, {"obj": "$Biped_Object:Bip001 L Finger1 @ [24.325138,-81.462036,425.587128]", "objname": "Bip001 L Finger1", "objtransform": "(matrix3 [-0.375568,0.234311,0.896687] [0.107853,-0.949891,0.293386] [0.920498,0.206897,0.331478] [24.3251,-81.462,425.587])"}, {"obj": "$Biped_Object:Bip001 L Finger11 @ [22.741869,-80.474258,429.367249]", "objname": "Bip001 L Finger11", "objtransform": "(matrix3 [-0.248988,-0.299801,0.920937] [0.317507,-0.923601,-0.214826] [0.914983,0.238915,0.325154] [22.7419,-80.4743,429.367])"}, {"obj": "$Biped_Object:Bip001 L Finger12 @ [22.177555,-81.153748,431.454498]", "objname": "Bip001 L Finger12", "objtransform": "(matrix3 [0.189324,-0.978027,0.0872925] [0.371507,-0.0109446,-0.928366] [0.908922,0.208192,0.361271] [22.1776,-81.1537,431.454])"}, {"obj": "$Biped_Object:Bip001 L Finger2 @ [26.605503,-81.428772,426.904663]", "objname": "Bip001 L Finger2", "objtransform": "(matrix3 [-0.0488205,0.204265,0.977697] [-0.0117952,-0.978914,0.203931] [0.998738,-0.00157609,0.0502003] [26.6055,-81.4288,426.905])"}, {"obj": "$Biped_Object:Bip001 L Finger21 @ [26.371241,-80.448624,431.596100]", "objname": "Bip001 L Finger21", "objtransform": "(matrix3 [-0.0345666,-0.161402,0.986283] [0.016707,-0.986828,-0.160905] [0.999263,0.010916,0.0368077] [26.3712,-80.4486,431.596])"}, {"obj": "$Biped_Object:Bip001 L Finger22 @ [26.285755,-80.847778,434.035278]", "objname": "Bip001 L Finger22", "objtransform": "(matrix3 [-0.0596122,-0.928488,0.366546] [0.0750939,-0.370329,-0.92586] [0.995393,-0.0276671,0.0917998] [26.2858,-80.8478,434.035])"}, {"obj": "$Biped_Object:Bip001 L Finger3 @ [28.744699,-81.557053,427.355682]", "objname": "Bip001 L Finger3", "objtransform": "(matrix3 [0.0255703,-0.00710843,0.999648] [-0.119076,-0.992877,-0.0040145] [0.992556,-0.118932,-0.0262346] [28.7447,-81.5571,427.356])"}, {"obj": "$Biped_Object:Bip001 L Finger31 @ [28.843105,-81.584412,431.202789]", "objname": "Bip001 L Finger31", "objtransform": "(matrix3 [-0.0692438,-0.72385,0.686474] [-0.0834097,-0.681516,-0.727035] [0.994107,-0.107601,-0.0131853] [28.8431,-81.5844,431.203])"}, {"obj": "$Biped_Object:Bip001 L Finger32 @ [28.680210,-83.287277,432.817719]", "objname": "Bip001 L Finger32", "objtransform": "(matrix3 [-0.0757506,-0.995331,-0.059822] [0.00781514,0.0593998,-0.998204] [0.997096,-0.0760819,0.00327904] [28.6802,-83.2873,432.818])"}, {"obj": "$Biped_Object:Bip001 L Finger4 @ [30.940041,-82.334915,427.559082]", "objname": "Bip001 L Finger4", "objtransform": "(matrix3 [0.108142,-0.29286,0.95002] [-0.300453,-0.920564,-0.249579] [0.947646,-0.258446,-0.187542] [30.94,-82.3349,427.559])"}, {"obj": "$Biped_Object:Bip001 L Finger41 @ [31.307827,-83.330933,430.790070]", "objname": "Bip001 L Finger41", "objtransform": "(matrix3 [-0.0857857,-0.97905,-0.18467] [-0.227526,0.199707,-0.953074] [0.969986,-0.039743,-0.239891] [31.3078,-83.3309,430.79])"}, {"obj": "$Biped_Object:Bip001 L Finger42 @ [31.155590,-85.068329,430.462372]", "objname": "Bip001 L Finger42", "objtransform": "(matrix3 [-0.203366,-0.378687,-0.902906] [0.0199654,0.920381,-0.390513] [0.978899,-0.0974441,-0.179614] [31.1556,-85.0683,430.462])"}, {"obj": "$Biped_Object:Bip001 L ForeTwist @ [31.926811,-58.540466,400.353821]", "objname": "Bip001 L ForeTwist", "objtransform": "(matrix3 [-0.0849138,-0.715263,0.693678] [0.957295,-0.251662,-0.14231] [0.276361,0.651971,0.706087] [31.9268,-58.5405,400.354])"}, {"obj": "$Biped_Object:Bip001 LUpArmTwist @ [14.682270,-35.707382,396.116211]", "objname": "Bip001 LUpArmTwist", "objtransform": "(matrix3 [0.596172,-0.789377,0.146502] [0.746523,0.477886,-0.462957] [0.295437,0.385369,0.87419] [14.6823,-35.7074,396.116])"}, {"obj": "$Biped_Object:Bip001 R Clavicle @ [-4.534924,-22.535019,395.930176]", "objname": "Bip001 R Clavicle", "objtransform": "(matrix3 [-0.862736,0.341322,-0.373075] [0.223012,0.919015,0.32508] [0.453819,0.197258,-0.868987] [-4.53492,-22.535,395.93])"}, {"obj": "$Biped_Object:Bip001 R UpperArm @ [-15.750565,-18.097809,391.080139]", "objname": "Bip001 R UpperArm", "objtransform": "(matrix3 [-0.134294,0.525088,-0.840386] [0.350111,0.818514,0.455474] [0.927031,-0.233061,-0.293761] [-15.7506,-18.0978,391.08])"}, {"obj": "$Biped_Object:Bip001 R Forearm @ [-19.635086,-2.909424,366.771606]", "objname": "Bip001 R Forearm", "objtransform": "(matrix3 [-0.373371,-0.501119,-0.780688] [0.0347387,0.833404,-0.551571] [0.927031,-0.233061,-0.293761] [-19.6351,-2.90942,366.772])"}, {"obj": "$Biped_Object:Bip001 R Hand @ [-29.508492,-16.160995,346.127136]", "objname": "Bip001 R Hand", "objtransform": "(matrix3 [-0.30965,-0.636639,-0.706263] [0.937842,-0.326931,-0.116482] [-0.156742,-0.698432,0.698301] [-29.5085,-16.161,346.127])"}, {"obj": "$Biped_Object:Bip001 R Finger0 @ [-29.283417,-21.198364,346.385590]", "objname": "Bip001 R Finger0", "objtransform": "(matrix3 [-0.112062,-0.947031,-0.300956] [0.162455,0.281328,-0.94576] [0.980332,-0.154876,0.122323] [-29.2834,-21.1984,346.386])"}, {"obj": "$Biped_Object:Bip001 R Finger01 @ [-29.687292,-24.611481,345.300934]", "objname": "Bip001 R Finger01", "objtransform": "(matrix3 [-0.108442,-0.679723,-0.725408] [0.208775,0.697865,-0.685125] [0.971933,-0.225744,0.0662312] [-29.6873,-24.6115,345.301])"}, {"obj": "$Biped_Object:Bip001 R Finger02 @ [-30.043596,-26.844818,342.917511]", "objname": "Bip001 R Finger02", "objtransform": "(matrix3 [-0.061304,-0.767744,-0.637818] [0.211144,0.614583,-0.76007] [0.97553,-0.181267,0.124429] [-30.0436,-26.8448,342.918])"}, {"obj": "$Biped_Object:Bip001 R Finger1 @ [-33.025131,-24.045441,341.862793]", "objname": "Bip001 R Finger1", "objtransform": "(matrix3 [-0.430624,-0.649353,-0.62682] [0.902251,-0.327035,-0.281054] [-0.0224894,-0.686578,0.726709] [-33.0251,-24.0454,341.863])"}, {"obj": "$Biped_Object:Bip001 R Finger11 @ [-34.840496,-26.782898,339.220337]", "objname": "Bip001 R Finger11", "objtransform": "(matrix3 [0.333783,-0.697309,-0.63431] [0.942645,0.244658,0.227076] [-0.00315295,-0.673723,0.738977] [-34.8405,-26.7829,339.22])"}, {"obj": "$Biped_Object:Bip001 R Finger12 @ [-34.084000,-28.363297,337.782715]", "objname": "Bip001 R Finger12", "objtransform": "(matrix3 [0.513483,-0.62676,-0.586095] [0.857862,0.391041,0.333407] [0.0202206,-0.673988,0.738466] [-34.084,-28.3633,337.783])"}, {"obj": "$Biped_Object:Bip001 R Finger2 @ [-33.515991,-22.259369,339.853271]", "objname": "Bip001 R Finger2", "objtransform": "(matrix3 [-0.0092111,-0.687498,-0.726128] [0.999839,-0.01752,0.00390475] [-0.0154062,-0.725975,0.687549] [-33.516,-22.2594,339.853])"}, {"obj": "$Biped_Object:Bip001 R Finger21 @ [-33.560192,-25.558289,336.368958]", "objname": "Bip001 R Finger21", "objtransform": "(matrix3 [0.792279,-0.442381,-0.42023] [0.609758,0.549081,0.571581] [-0.0221163,-0.70909,0.704771] [-33.5602,-25.5583,336.369])"}, {"obj": "$Biped_Object:Bip001 R Finger22 @ [-31.600809,-26.652344,335.329712]", "objname": "Bip001 R Finger22", "objtransform": "(matrix3 [0.983572,-0.15741,-0.0883617] [0.173801,0.693526,0.699153] [-0.0487722,-0.703025,0.709491] [-31.6008,-26.6523,335.33])"}, {"obj": "$Biped_Object:Bip001 R Finger3 @ [-33.310074,-20.578156,338.465027]", "objname": "Bip001 R Finger3", "objtransform": "(matrix3 [0.120361,-0.640814,-0.758203] [0.951717,-0.142779,0.271753] [-0.282398,-0.754302,0.592688] [-33.3101,-20.5782,338.465])"}, {"obj": "$Biped_Object:Bip001 R Finger31 @ [-32.846870,-23.044296,335.547119]", "objname": "Bip001 R Finger31", "objtransform": "(matrix3 [0.834918,-0.49015,-0.250329] [0.482143,0.43203,0.76216] [-0.265423,-0.757036,0.597032] [-32.8469,-23.0443,335.547])"}, {"obj": "$Biped_Object:Bip001 R Finger32 @ [-30.882715,-24.197388,334.958221]", "objname": "Bip001 R Finger32", "objtransform": "(matrix3 [0.964097,-0.149371,0.219559] [-0.073656,0.643945,0.761518] [-0.255132,-0.750349,0.609823] [-30.8827,-24.1974,334.958])"}, {"obj": "$Biped_Object:Bip001 R Finger4 @ [-32.487404,-19.116501,336.836304]", "objname": "Bip001 R Finger4", "objtransform": "(matrix3 [0.399507,-0.617595,-0.677474] [0.764047,-0.184058,0.618349] [-0.506584,-0.764656,0.398339] [-32.4874,-19.1165,336.836])"}, {"obj": "$Biped_Object:Bip001 R Finger41 @ [-31.128695,-21.216919,334.532227]", "objname": "Bip001 R Finger41", "objtransform": "(matrix3 [0.924061,-0.352433,0.147991] [0.0148202,0.419907,0.907446] [-0.381957,-0.836343,0.393243] [-31.1287,-21.2169,334.532])"}, {"obj": "$Biped_Object:Bip001 R Finger42 @ [-29.488857,-21.842346,334.794861]", "objname": "Bip001 R Finger42", "objtransform": "(matrix3 [0.590008,-0.0781299,0.803608] [-0.631427,0.575639,0.519558] [-0.503181,-0.813963,0.290298] [-29.4889,-21.8423,334.795])"}, {"obj": "$Biped_Object:Bip001 R ForeTwist @ [-19.635086,-2.909424,366.771606]", "objname": "Bip001 R ForeTwist", "objtransform": "(matrix3 [-0.373371,-0.501119,-0.780688] [0.122789,0.807447,-0.57702] [0.91952,-0.311302,-0.239945] [-19.6351,-2.90942,366.772])"}, {"obj": "$Biped_Object:Bip001 RUpArmTwist @ [-15.750565,-18.097809,391.080139]", "objname": "Bip001 RUpArmTwist", "objtransform": "(matrix3 [-0.134294,0.525088,-0.840386] [0.360884,0.815744,0.452022] [0.922891,-0.242578,-0.299046] [-15.7506,-18.0978,391.08])"}, {"obj": "$Biped_Object:Bip001 Head @ [-2.551235,-34.121307,410.590759]", "objname": "Bip001 Head", "objtransform": "(matrix3 [0.0816559,0.1815,0.979995] [0.00460552,-0.983337,0.181735] [0.99665,-0.0103264,-0.0811312] [-2.55123,-34.1213,410.591])"}, {"obj": "$Biped_Object:Bip001 L Thigh @ [9.821863,-21.724350,342.243347]", "objname": "Bip001 L Thigh", "objtransform": "(matrix3 [-0.164538,-0.943387,-0.288006] [-0.0354002,-0.286149,0.957531] [-0.985735,0.167746,0.0136864] [9.82186,-21.7243,342.243])"}, {"obj": "$Biped_Object:Bip001 L Calf @ [1.939155,-66.920212,328.445557]", "objname": "Bip001 L Calf", "objtransform": "(matrix3 [0.068218,0.472563,-0.878653] [-0.153858,-0.865185,-0.477265] [-0.985735,0.167746,0.0136864] [1.93916,-66.9202,328.446])"}, {"obj": "$Biped_Object:Bip001 L Foot @ [5.163689,-44.583054,286.913330]", "objname": "Bip001 L Foot", "objtransform": "(matrix3 [0.0509324,0.833422,-0.550285] [-0.155864,-0.537615,-0.828659] [-0.986464,0.127975,0.102518] [5.16369,-44.5831,286.913])"}, {"obj": "$Biped_Object:Bip001 L Toe0 @ [3.681891,-43.984192,271.907440]", "objname": "Bip001 L Toe0", "objtransform": "(matrix3 [-0.119964,-0.48928,-0.863837] [0.0172641,-0.871017,0.490949] [-0.992628,0.0439829,0.112938] [3.68189,-43.9842,271.907])"}, {"obj": "$Biped_Object:Bip001 LCalfTwist @ [1.939155,-66.920212,328.445557]", "objname": "Bip001 LCalfTwist", "objtransform": "(matrix3 [0.068218,0.472563,-0.878653] [-0.157757,-0.864515,-0.477207] [-0.985119,0.171168,0.0155745] [1.93916,-66.9202,328.446])"}, {"obj": "$Biped_Object:Bip001 R Thigh @ [-5.757450,-19.024063,342.061401]", "objname": "Bip001 R Thigh", "objtransform": "(matrix3 [-0.169813,-0.97746,0.125439] [0.0161132,0.124517,0.992087] [-0.985344,0.170491,-0.00539462] [-5.75745,-19.0241,342.061])"}, {"obj": "$Biped_Object:Bip001 R Calf @ [-13.892872,-65.852280,348.070923]", "objname": "Bip001 R Calf", "objtransform": "(matrix3 [0.0252235,0.114354,-0.99312] [-0.168701,-0.978701,-0.116979] [-0.985344,0.170491,-0.00539462] [-13.8929,-65.8523,348.071])"}, {"obj": "$Biped_Object:Bip001 R Foot @ [-12.700607,-60.446976,301.128052]", "objname": "Bip001 R Foot", "objtransform": "(matrix3 [-0.0348292,-0.481728,-0.875628] [-0.28601,-0.83471,0.470593] [-0.957593,0.266829,-0.108707] [-12.7006,-60.447,301.128])"}, {"obj": "$Biped_Object:Bip001 R Toe0 @ [-16.533407,-74.932404,299.335510]", "objname": "Bip001 R Toe0", "objtransform": "(matrix3 [-0.485639,-0.547365,0.681576] [0.202947,0.687791,0.696962] [-0.850274,0.476796,-0.222932] [-16.5334,-74.9324,299.336])"}, {"obj": "$Biped_Object:Bip001 RCalfTwist @ [-13.892872,-65.852280,348.070923]", "objname": "Bip001 RCalfTwist", "objtransform": "(matrix3 [0.0252235,0.114354,-0.99312] [-0.211668,-0.970301,-0.117103] [-0.977016,0.213165,-0.000269311] [-13.8929,-65.8523,348.071])"}, {"obj": "$Biped_Object:Bip001 LThighTwist @ [9.821863,-21.724350,342.243347]", "objname": "Bip001 LThighTwist", "objtransform": "(matrix3 [-0.164538,-0.943387,-0.288006] [-0.0573999,-0.282333,0.957598] [-0.984699,0.174093,-0.00769583] [9.82186,-21.7243,342.243])"}, {"obj": "$Biped_Object:Bip001 RThighTwist @ [-5.757450,-19.024063,342.061401]", "objname": "Bip001 RThighTwist", "objtransform": "(matrix3 [-0.169813,-0.97746,0.125439] [0.0254893,0.122889,0.992093] [-0.985146,0.171668,0.00404662] [-5.75745,-19.0241,342.061])"}, {"obj": "$Biped_Object:Bip001 Prop1 @ [-29.418207,-23.156357,339.525635]", "objname": "Bip001 Prop1", "objtransform": "(matrix3 [0.184789,0.920921,-0.343158] [0.927793,-0.278626,-0.248129] [-0.32412,-0.272528,-0.905911] [-29.4182,-23.1564,339.526])"}, {"obj": "$Biped_Object:Bip001 Prop2 @ [60.644619,-57.925339,417.687958]", "objname": "Bip001 Prop2", "objtransform": "(matrix3 [0.950256,0.310985,-0.0174083] [-0.0563845,0.226719,0.972327] [0.306325,-0.922977,0.232976] [60.6446,-57.9253,417.688])"}]
